2.05131e+161
1.46288e+243
3.15886e-86
6.742e+199
9.08254e+223
5.29372e+180
3.03181e+180
5.26621e-90
8.9611e+276
3.67294e+228
6.80536e-91
2.44789e+179
5.3048e+180
6.05457e-310
4.06778e-293
3.99247e+252
6.65308e+246
2.67445e-316
4.06758e-293
2.06851e+161
9.23814e-315
2.67444e-316
4.06779e-293
1.70284e+262
6.65308e+246
2.67445e-316
4.06779e-293
8.89016e+247
3.60865e-317
2.67445e-316
4.06759e-293
4.262e+180
7.27039e+228
1.39957e-306
2.67444e-316
4.06779e-293
5.06166e+06
2.11626e+214
6.0543e-310
0
2.67445e-316
4.06779e-293
9.30195e+242
4.86683e+226
1.39957e-306
2.67445e-316
4.06759e-293
6.59711e+180
1.39957e-306
6.0543e-310
2.67444e-316
4.0678e-293
1.15988e+253
4.66104e-86
6.77044e-43
2.58438e+185
5.48413e-322
2.67445e-316
4.0678e-293
1.50752e+161
7.27032e+228
6.0543e-310
2.67445e-316
4.0678e-293
7.49724e+247
7.27032e+228
6.77044e-43
2.67445e-316
4.0678e-293
1.44418e+214
4.86683e+226
6.0543e-310
2.67445e-316
4.06781e-293
2.1817e+243
7.20227e+228
6.77044e-43
2.67445e-316
4.06781e-293
1.7794e+248
4.86683e+226
6.0543e-310
2.67445e-316
4.06781e-293
1.1444e+243
1.39957e-306
6.77044e-43
2.67445e-316
4.06781e-293
1.12313e+219
4.86631e+226
2.67445e-316
4.06782e-293
7.28545e+199
2.86531e+161
6.77044e-43
2.67445e-316
nan
6.81172e+199
4.86631e+226
1.29093e-128
-4.51196e+106
-2.97482e-39
3.76168e+95
-4.9424e-08
2.64489e-280
-2.47127e-235
1.67624e+197
1.84692e+192
-3.99413e-234
-5.09794e-162
-4.4353e-194
-1.84609e-87
-1.46602e-124
-2.23023e+209
2.44257e-72
6.53985e-245
1.38511e+178
1.27067e+190
3.86198e+68
6.47629e-236
2.87866e+67
-2.96086e+146
-7.01097e+182
-6.47751e+282
-2.78594e+135
7.17644e-297
-1.96302e+177
0
2.12347e-314
0
2.12345e-314
2.12333e-314
2.12345e-314
2.12345e-314
2.12345e-314
2.12345e-314
2.12346e-314
2.12345e-314
2.12345e-314
2.12347e-314
2.12347e-314
2.12347e-314
2.12347e-314
2.12347e-314
2.12347e-314
2.12343e-314
2.12343e-314
2.12347e-314
2.12339e-314
